Start (bp),Stop (bp),Length (bp),GC content (％)
1,28684,28684,40.42
28685,41989,13305,51.72
41990,70010,28021,36.77
70011,89453,19443,52.13
89454,9813344,9723891,35.54
9813345,9824976,11632,51.56
9824977,9861715,36739,36.54
9861716,10039333,177618,33.46
10039334,10056101,16768,41.07
10056102,10065022,8921,54.25
10065023,10107192,42170,34.51
10107193,10114190,6998,53.47
10114191,10151950,37760,42.08
10151951,11953380,1801430,34.41
11953381,12401587,448207,36.59
12401588,14605534,2203947,35.2
