Start (bp),Stop (bp),Length (bp),GC content (％)
1,113723,113723,36.26
113724,144368,30645,41.02
144369,224888,80520,33.44
224889,241231,16343,45.86
241232,312728,71497,38.35
312729,935971,623243,34.33
935972,953324,17353,44.97
953325,1433997,480673,35.87
1433998,1457049,23052,41.39
1457050,1973118,516069,33.3
1973119,2031211,58093,34.48
2031212,2091621,60410,41.61
2091622,8617133,6525512,34.35
8617134,8955251,338118,36.94
8955252,9730488,775237,35.24
