Start (bp),Stop (bp),Length (bp),GC content (％)
1,121826,121826,35.88
121827,133903,12077,48.75
133904,152566,18663,38.15
152567,9084610,8932044,35.14
9084611,9113980,29370,43
9113981,9150903,36923,34.67
9150904,9159838,8935,54.59
9159839,9169147,9309,38.56
9169148,9338897,169750,34.89
9338898,9383920,45023,43.82
9383921,9417832,33912,36.69
